0.232 0.858 0.826 0.624 0.116 0.138 0.62 0.556 0.424 0.146 0.324 0.074 0.088 0.118 0.158 0.262 0.636 
0.858 0.11 0.718 0.536 0.102 0.12 0.53 0.474 0.364 0.12 0.27 0.064 0.082 0.104 0.136 0.214 0.552 
0.826 0.718 0.08 0.528 0.094 0.122 0.52 0.466 0.354 0.126 0.272 0.058 0.074 0.102 0.13 0.212 0.53 
0.624 0.536 0.528 0.23 0.074 0.084 0.388 0.352 0.274 0.1 0.204 0.048 0.046 0.078 0.098 0.154 0.396 
0.116 0.102 0.094 0.074 0 0.018 0.068 0.06 0.05 0.024 0.05 0.006 0.012 0.016 0.02 0.036 0.076 
0.138 0.12 0.122 0.084 0.018 0 0.088 0.072 0.066 0.024 0.044 0.008 0.018 0.01 0.024 0.034 0.094 
0.62 0.53 0.52 0.388 0.068 0.088 0.366 0.338 0.276 0.092 0.206 0.05 0.056 0.07 0.09 0.152 0.404 
0.556 0.474 0.466 0.352 0.06 0.072 0.338 0.232 0.242 0.072 0.168 0.048 0.046 0.07 0.092 0.16 0.382 
0.424 0.364 0.354 0.274 0.05 0.066 0.276 0.242 0.1 0.066 0.13 0.032 0.036 0.05 0.074 0.116 0.264 
0.146 0.12 0.126 0.1 0.024 0.024 0.092 0.072 0.066 0 0.05 0.006 0.02 0.022 0.028 0.046 0.092 
0.324 0.27 0.272 0.204 0.05 0.044 0.206 0.168 0.13 0.05 0 0.022 0.026 0.038 0.058 0.094 0.196 
0.074 0.064 0.058 0.048 0.006 0.008 0.05 0.048 0.032 0.006 0.022 0.026 0.004 0.006 0.014 0.014 0.056 
0.088 0.082 0.074 0.046 0.012 0.018 0.056 0.046 0.036 0.02 0.026 0.004 0 0.014 0.012 0.026 0.066 
0.118 0.104 0.102 0.078 0.016 0.01 0.07 0.07 0.05 0.022 0.038 0.006 0.014 0.016 0.02 0.04 0.076 
0.158 0.136 0.13 0.098 0.02 0.024 0.09 0.092 0.074 0.028 0.058 0.014 0.012 0.02 0 0.046 0.11 
0.262 0.214 0.212 0.154 0.036 0.034 0.152 0.16 0.116 0.046 0.094 0.014 0.026 0.04 0.046 0 0.158 
0.636 0.552 0.53 0.396 0.076 0.094 0.404 0.382 0.264 0.092 0.196 0.056 0.066 0.076 0.11 0.158 0 
